0.65
0.75
0.85
0.95
1.05
1.15
1.25
1.35
1.45
1.55
1.65
1.75
1.85
0.71
0.59
0.59
0.61
0.72
0.75
0.76
1.15
1.22
1.45
2.20
3.59
3.64
1.02
0.86
0.86
0.91
1.12
1.17
1.19
1.87
1.99
2.37
3.59
5.79
5.87
1.87
1.58
1.53
1.52
1.70
1.74
1.74
2.52
2.66
3.14
4.74
7.86
7.97
2.59
3.63
2.33
1.45
0.71
0.58
0.51
0.22
0.20
0.15
0.09
0.05
0.05
6.23
9.25
5.98
3.88
1.95
1.59
1.41
0.61
0.53
0.40
0.22
0.12
0.12
1.69
2.03
2.34
2.64
2.90
3.14
3.35
3.54
3.70
3.84
3.95
4.05
4.13
309
2269
1923
2094
1441
1353
1337
523
466
329
126
0
0
832
986
662
272
51
17
0
0
0
0
0
0
0
47
55
61
67
72
76
80
83
85
87
87
87
86
4.12
2.62
2.64
2.61
2.79
2.80
2.81
3.62
3.82
4.40
6.36
11.11
11.53 
1.96
1.26
1.26
1.24
1.39
1.42
1.44
2.16
2.34
2.84
4.50
8.49
8.82
