0.65
0.75
0.85
0.95
1.05
1.15
1.25
1.35
1.45
1.55
1.65
1.75
1.85
0.57
0.48
0.47
0.49
0.58
0.60
0.61
0.92
0.98
1.16
1.76
2.88
2.92
0.82
0.69
0.69
0.73
0.89
0.94
0.96
1.50
1.59
1.90
2.88
4.64
4.71
1.50
1.27
1.22
1.22
1.37
1.39
1.39
2.02
2.13
2.52
3.80
6.30
6.39
2.59
3.63
2.33
1.45
0.71
0.58
0.51
0.22
0.20
0.15
0.09
0.05
0.05
6.23
9.25
5.98
3.88
1.95
1.59
1.41
0.61
0.53
0.40
0.22
0.12
0.12
2.63
3.15
3.65
4.10
4.52
4.89
5.22
5.50
5.75
5.97
6.15
6.30
6.43
309
2269
1923
2094
1441
1353
1337
523
466
329
126
0
0
832
986
662
272
51
17
0
0
0
0
0
0
0
47
55
61
67
72
76
80
83
85
87
87
87
86
3.31
2.10
2.12
2.09
2.23
2.25
2.25
2.90
3.06
3.53
5.10
8.91
9.25
1.57
1.01
1.01
0.99
1.11
1.14
1.16
1.73
1.87
2.27
3.61
6.81
7.07
